0.134167821452
0.0461261792996
0.144312438235
0.130175677785
0.0858725674442
0.122723941626
0.150884664359
0.150702603849
0.102048394756
0.163724440238
0.103149124985
0.0993858675648
0.181026873017
0.178092440975
0.10190031255
0.163288659851
0.10637719836
0.0956992461956
0.108759003586
0.134032712165
0.0872450145428
0.14777774984
0.249969899353
0.0963009440879
0.109477029949
0.10823848285
0.154891188487
0.0824789327231
0.0707395832131
0.0966816933217
0.25829082702
0.0844844716584
0.0720135051224
0.185412347082
0.105239321745
0.0904126873863
0.137313665043
0.0574183037164
0.0709218521908
0.0749520462078
0.100351539076
0.0794551036296
0.140864129853
0.0665194201661
0.0442378217115
0.11654086451
0.0488803297831
0.0719051084311
0.14569196621
0.133722304724
0.0882418934054
0.0896910978238
0.107352149499
0.125461215807
0.1111819